STAGE = 30
MACHINE = [5, 4, 4, 2, 4, 2, 5, 4, 5, 3, 2, 5, 5, 2, 5, 4, 4, 2, 4, 4, 5, 4, 2, 3, 2, 4, 3, 5, 3, 3]
JOB_NUM = 40
PROCESSING_SCHEDULE = 
  JOB0  [57, 41, 97, 30, 52, 30, 84, 31, 24, 34, 54, 72, 26, 39, 38, 88, 85, 23, 58, 83, 43, 56, 53, 81, 60, 48, 21, 73, 85, 97]
  JOB1  [51, 55, 66, 27, 85, 33, 81, 59, 34, 38, 93, 84, 97, 46, 27, 54, 62, 92, 62, 33, 22, 49, 84, 35, 95, 92, 95, 46, 72, 58]
  JOB2  [91, 43, 76, 88, 93, 39, 81, 55, 89, 61, 74, 25, 62, 90, 32, 54, 58, 34, 66, 38, 99, 29, 24, 66, 35, 68, 76, 79, 72, 94]
  JOB3  [34, 35, 75, 71, 73, 61, 55, 63, 39, 66, 97, 57, 86, 97, 63, 71, 68, 50, 95, 60, 56, 79, 35, 41, 59, 37, 92, 22, 94, 46]
  JOB4  [46, 97, 78, 27, 74, 83, 38, 66, 79, 69, 56, 63, 53, 73, 86, 64, 67, 23, 79, 88, 58, 55, 86, 81, 90, 36, 32, 51, 63, 87]
  JOB5  [85, 62, 32, 88, 26, 21, 97, 83, 22, 73, 55, 95, 93, 93, 53, 55, 65, 70, 31, 38, 70, 100, 99, 79, 34, 55, 24, 27, 75, 22]
  JOB6  [26, 78, 86, 70, 95, 75, 38, 66, 67, 55, 63, 74, 72, 64, 59, 22, 91, 73, 85, 55, 30, 24, 44, 71, 64, 56, 24, 67, 30, 29]
  JOB7  [50, 93, 42, 66, 70, 76, 88, 21, 32, 23, 53, 67, 77, 84, 59, 55, 59, 31, 76, 86, 94, 63, 80, 33, 93, 40, 27, 94, 47, 79]
  JOB8  [87, 61, 37, 37, 28, 91, 52, 33, 90, 23, 91, 40, 40, 81, 93, 86, 25, 28, 91, 88, 84, 38, 87, 67, 90, 61, 40, 72, 32, 58]
  JOB9  [53, 46, 70, 93, 56, 92, 80, 25, 20, 51, 84, 24, 94, 47, 36, 83, 85, 31, 93, 47, 83, 57, 62, 75, 25, 64, 50, 31, 58, 79]
  JOB10  [61, 39, 62, 78, 62, 43, 58, 61, 36, 84, 62, 91, 29, 57, 38, 51, 88, 52, 58, 40, 20, 74, 91, 29, 41, 96, 55, 32, 34, 72]
  JOB11  [29, 45, 41, 75, 64, 62, 90, 85, 99, 100, 91, 58, 81, 41, 54, 54, 23, 64, 100, 84, 40, 98, 23, 39, 67, 64, 53, 93, 40, 32]
  JOB12  [88, 63, 55, 80, 38, 76, 60, 60, 59, 67, 45, 49, 91, 90, 51, 77, 58, 29, 62, 85, 65, 86, 56, 87, 69, 58, 24, 76, 67, 84]
  JOB13  [100, 59, 41, 47, 51, 39, 76, 77, 72, 23, 39, 98, 81, 47, 60, 84, 82, 77, 58, 65, 76, 59, 51, 65, 31, 55, 68, 76, 63, 40]
  JOB14  [47, 72, 34, 71, 65, 34, 85, 46, 86, 44, 28, 39, 68, 65, 90, 63, 23, 73, 57, 22, 63, 98, 24, 47, 84, 51, 49, 56, 91, 77]
  JOB15  [60, 38, 73, 86, 43, 44, 34, 74, 30, 82, 90, 44, 50, 21, 53, 96, 41, 80, 78, 56, 21, 37, 59, 40, 96, 29, 94, 68, 63, 44]
  JOB16  [43, 75, 83, 80, 41, 46, 97, 65, 93, 70, 39, 87, 86, 29, 83, 59, 74, 45, 26, 27, 71, 60, 64, 51, 32, 56, 53, 79, 87, 45]
  JOB17  [91, 42, 63, 72, 59, 84, 43, 53, 62, 55, 44, 65, 89, 86, 36, 36, 37, 48, 59, 69, 22, 88, 52, 56, 49, 95, 68, 31, 29, 87]
  JOB18  [40, 42, 73, 46, 29, 59, 82, 83, 33, 91, 97, 55, 85, 39, 26, 89, 96, 64, 95, 87, 91, 77, 67, 66, 78, 100, 37, 83, 98, 88]
  JOB19  [87, 88, 57, 91, 43, 64, 51, 55, 81, 34, 34, 90, 89, 98, 68, 62, 95, 63, 95, 23, 63, 50, 94, 69, 90, 25, 49, 60, 64, 36]
  JOB20  [35, 35, 81, 90, 74, 28, 55, 80, 94, 94, 21, 94, 40, 30, 72, 78, 75, 91, 97, 43, 33, 58, 97, 100, 60, 73, 55, 20, 64, 36]
  JOB21  [22, 50, 29, 52, 98, 67, 85, 64, 45, 72, 33, 40, 73, 70, 28, 36, 33, 34, 69, 91, 89, 44, 58, 55, 24, 62, 46, 48, 55, 95]
  JOB22  [28, 88, 88, 59, 22, 84, 64, 29, 87, 41, 73, 70, 78, 79, 34, 64, 38, 60, 22, 54, 30, 88, 60, 51, 74, 76, 83, 57, 85, 48]
  JOB23  [73, 55, 76, 63, 66, 54, 96, 99, 96, 26, 74, 46, 42, 21, 56, 45, 24, 63, 20, 92, 33, 81, 87, 57, 76, 37, 83, 57, 49, 64]
  JOB24  [38, 57, 72, 70, 34, 81, 63, 63, 47, 57, 87, 58, 75, 27, 28, 97, 87, 42, 99, 40, 64, 24, 95, 91, 27, 67, 60, 85, 23, 38]
  JOB25  [50, 25, 77, 48, 56, 27, 48, 90, 83, 36, 81, 97, 52, 47, 27, 50, 29, 33, 87, 30, 40, 88, 83, 42, 96, 55, 66, 29, 34, 80]
  JOB26  [56, 27, 42, 100, 65, 24, 65, 89, 31, 46, 41, 31, 65, 100, 94, 31, 25, 64, 34, 100, 87, 63, 65, 43, 67, 60, 64, 43, 84, 53]
  JOB27  [41, 85, 60, 78, 77, 26, 47, 72, 90, 33, 44, 83, 83, 93, 48, 45, 47, 63, 21, 44, 52, 65, 56, 29, 28, 48, 70, 68, 26, 34]
  JOB28  [100, 36, 100, 88, 83, 24, 27, 25, 53, 27, 68, 26, 89, 66, 75, 72, 29, 46, 34, 99, 65, 26, 70, 88, 73, 64, 72, 85, 93, 81]
  JOB29  [20, 68, 44, 82, 75, 82, 52, 64, 77, 27, 30, 53, 65, 46, 91, 40, 32, 27, 65, 34, 32, 96, 36, 60, 74, 28, 26, 93, 56, 50]
  JOB30  [43, 55, 79, 32, 26, 93, 95, 26, 100, 32, 81, 44, 51, 95, 46, 63, 22, 91, 32, 48, 67, 71, 76, 79, 100, 20, 79, 89, 42, 64]
  JOB31  [23, 30, 31, 50, 84, 68, 26, 98, 26, 22, 71, 32, 98, 79, 62, 47, 84, 83, 64, 99, 33, 26, 97, 57, 90, 62, 31, 22, 26, 77]
  JOB32  [39, 67, 55, 67, 69, 63, 41, 70, 87, 43, 87, 44, 70, 69, 72, 66, 60, 41, 64, 42, 57, 70, 90, 60, 65, 72, 74, 64, 21, 85]
  JOB33  [80, 31, 83, 27, 49, 66, 89, 34, 50, 66, 89, 93, 84, 46, 40, 22, 83, 31, 91, 95, 77, 93, 33, 82, 100, 83, 31, 50, 20, 90]
  JOB34  [85, 43, 95, 85, 47, 21, 57, 25, 57, 21, 87, 30, 85, 48, 24, 46, 25, 81, 70, 25, 52, 86, 75, 88, 82, 44, 65, 46, 27, 98]
  JOB35  [29, 83, 98, 86, 49, 40, 53, 89, 90, 68, 37, 75, 58, 29, 90, 62, 79, 61, 75, 74, 88, 38, 58, 37, 84, 51, 45, 41, 33, 94]
  JOB36  [59, 93, 38, 67, 53, 24, 86, 20, 35, 74, 53, 26, 67, 61, 49, 21, 58, 26, 90, 77, 63, 55, 40, 65, 26, 81, 34, 38, 46, 25]
  JOB37  [80, 49, 41, 39, 61, 61, 48, 48, 55, 31, 92, 43, 21, 64, 28, 35, 90, 39, 50, 66, 60, 92, 68, 49, 75, 54, 62, 39, 97, 79]
  JOB38  [67, 31, 37, 84, 69, 66, 63, 89, 61, 62, 42, 52, 84, 58, 24, 74, 26, 46, 95, 81, 90, 43, 86, 53, 65, 99, 97, 27, 97, 87]
  JOB39  [100, 84, 99, 56, 72, 23, 86, 46, 94, 98, 62, 90, 82, 91, 55, 60, 26, 98, 93, 62, 41, 99, 57, 50, 61, 37, 83, 83, 46, 23]
T_START = [505.0, 634.0, 718.0, 953.0, 594.0, 783.0, 602.0, 690.0, 752.0, 848.0, 864.0, 697.0, 703.0, 551.0, 709.0, 636.0, 879.0, 564.0, 836.0, 618.0, 535.0, 646.0, 524.0, 604.0, 631.0, 543.0, 609.0, 920.0, 480.0, 588.0]
T_END = [1262.0, 1473.0, 1796.0, 1614.0, 1212.0, 1500.0, 1700.0, 1643.0, 1303.0, 1420.0, 1449.0, 1563.0, 1630.0, 1704.0, 1181.0, 1202.0, 1578.0, 1389.0, 1618.0, 1235.0, 1604.0, 1524.0, 1757.0, 1497.0, 1446.0, 1533.0, 1557.0, 1495.0, 1258.0, 1329.0]
D_RATE = [0.19, 0.23, 0.27, 0.23, 0.25, 0.28, 0.14, 0.18, 0.11, 0.17, 0.26, 0.22, 0.11, 0.26, 0.23, 0.22, 0.13, 0.11, 0.13, 0.11, 0.24, 0.14, 0.12, 0.3, 0.24, 0.16, 0.26, 0.21, 0.18, 0.14]
IT_D = [0.28, 0.24, 0.28, 0.27, 0.16, 0.13, 0.15, 0.26, 0.29, 0.17, 0.16, 0.14, 0.28, 0.17, 0.12, 0.22, 0.23, 0.25, 0.12, 0.21, 0.14, 0.21, 0.17, 0.2, 0.15, 0.22, 0.24, 0.21, 0.25, 0.28]
IDLING_CONSUME = [0.22, 0.29, 0.19, 0.17, 0.15, 0.11, 0.27, 0.25, 0.16, 0.21, 0.29, 0.2, 0.13, 0.14, 0.25, 0.1, 0.14, 0.29, 0.21, 0.11, 0.29, 0.17, 0.17, 0.22, 0.13, 0.14, 0.28, 0.16, 0.15, 0.18]