STAGE = 19
MACHINE = [4, 4, 4, 5, 3, 2, 5, 3, 2, 4, 3, 2, 5, 4, 3, 2, 2, 3, 4]
JOB_NUM = 40
PROCESSING_SCHEDULE = 
  JOB0  [96, 93, 63, 28, 31, 36, 39, 27, 79, 93, 61, 29, 56, 78, 30, 29, 30, 37, 55]
  JOB1  [79, 68, 81, 44, 26, 36, 66, 92, 98, 94, 47, 64, 41, 78, 59, 65, 24, 47, 30]
  JOB2  [67, 86, 69, 55, 74, 71, 89, 67, 84, 61, 45, 80, 67, 39, 30, 30, 29, 53, 76]
  JOB3  [98, 36, 25, 63, 78, 42, 69, 39, 58, 64, 70, 58, 58, 30, 27, 87, 32, 97, 46]
  JOB4  [70, 95, 30, 35, 75, 80, 35, 52, 83, 76, 81, 42, 50, 44, 54, 73, 99, 61, 78]
  JOB5  [42, 48, 38, 25, 81, 89, 41, 32, 67, 82, 21, 65, 77, 91, 58, 34, 86, 43, 99]
  JOB6  [53, 94, 81, 40, 64, 73, 96, 75, 96, 32, 35, 68, 78, 57, 85, 21, 87, 87, 92]
  JOB7  [91, 60, 51, 56, 22, 63, 33, 71, 97, 38, 34, 78, 28, 50, 35, 33, 66, 54, 86]
  JOB8  [41, 48, 97, 25, 34, 99, 36, 56, 78, 82, 55, 67, 79, 81, 84, 66, 27, 95, 24]
  JOB9  [94, 23, 75, 69, 58, 63, 26, 25, 23, 86, 79, 89, 59, 20, 71, 26, 97, 32, 68]
  JOB10  [42, 55, 34, 69, 96, 74, 34, 66, 59, 24, 87, 32, 22, 25, 36, 55, 91, 54, 64]
  JOB11  [96, 20, 96, 88, 49, 93, 45, 24, 62, 73, 55, 32, 36, 73, 64, 87, 42, 50, 65]
  JOB12  [46, 95, 94, 45, 30, 67, 59, 63, 72, 69, 66, 68, 29, 61, 89, 95, 24, 64, 39]
  JOB13  [84, 57, 74, 51, 50, 55, 43, 86, 82, 82, 75, 32, 86, 56, 40, 25, 83, 96, 29]
  JOB14  [32, 69, 20, 35, 37, 98, 59, 63, 90, 94, 41, 95, 27, 80, 21, 84, 70, 78, 80]
  JOB15  [80, 21, 38, 57, 97, 65, 94, 33, 76, 83, 30, 44, 93, 35, 59, 33, 38, 80, 70]
  JOB16  [22, 66, 96, 58, 84, 26, 49, 59, 81, 78, 100, 67, 55, 26, 74, 76, 28, 46, 20]
  JOB17  [22, 71, 71, 36, 83, 23, 56, 26, 27, 37, 53, 77, 69, 34, 38, 81, 21, 49, 45]
  JOB18  [20, 82, 27, 89, 100, 85, 72, 58, 81, 62, 88, 94, 88, 31, 43, 56, 85, 60, 88]
  JOB19  [34, 72, 92, 99, 84, 24, 34, 58, 74, 47, 94, 37, 97, 82, 34, 51, 32, 33, 70]
  JOB20  [27, 54, 76, 88, 89, 75, 59, 84, 78, 26, 79, 94, 99, 66, 33, 23, 80, 78, 25]
  JOB21  [26, 87, 99, 93, 96, 36, 23, 30, 93, 42, 49, 65, 73, 100, 92, 77, 48, 23, 96]
  JOB22  [54, 97, 47, 37, 85, 57, 59, 30, 75, 57, 63, 95, 37, 65, 66, 50, 69, 38, 76]
  JOB23  [89, 29, 69, 30, 97, 42, 40, 28, 20, 54, 25, 53, 85, 26, 33, 70, 69, 35, 60]
  JOB24  [43, 55, 80, 89, 76, 81, 62, 84, 89, 27, 72, 42, 76, 24, 74, 74, 91, 38, 35]
  JOB25  [97, 30, 36, 26, 40, 65, 89, 65, 36, 87, 78, 74, 89, 67, 42, 57, 53, 86, 32]
  JOB26  [61, 48, 94, 41, 99, 33, 47, 84, 73, 48, 21, 96, 63, 98, 42, 34, 24, 72, 69]
  JOB27  [40, 64, 40, 36, 29, 92, 52, 28, 83, 59, 93, 86, 82, 45, 61, 60, 40, 80, 84]
  JOB28  [22, 60, 80, 48, 33, 84, 71, 88, 92, 59, 46, 43, 65, 83, 59, 45, 42, 53, 20]
  JOB29  [77, 39, 41, 92, 34, 80, 50, 65, 58, 49, 100, 83, 77, 43, 92, 35, 55, 32, 55]
  JOB30  [90, 42, 27, 66, 45, 76, 55, 35, 72, 30, 70, 96, 80, 78, 26, 34, 22, 63, 36]
  JOB31  [41, 92, 98, 26, 40, 75, 83, 57, 80, 93, 83, 64, 89, 51, 61, 76, 76, 54, 60]
  JOB32  [87, 51, 77, 82, 71, 45, 61, 67, 34, 54, 99, 62, 28, 95, 24, 96, 22, 27, 64]
  JOB33  [21, 97, 38, 94, 85, 28, 30, 48, 31, 77, 46, 85, 76, 48, 20, 38, 37, 33, 21]
  JOB34  [45, 44, 44, 83, 52, 29, 48, 47, 84, 77, 82, 32, 73, 90, 71, 50, 29, 88, 26]
  JOB35  [62, 92, 44, 45, 42, 88, 55, 32, 49, 28, 56, 51, 27, 87, 67, 96, 76, 98, 87]
  JOB36  [31, 58, 56, 30, 32, 92, 61, 48, 32, 33, 56, 89, 27, 33, 33, 47, 46, 80, 59]
  JOB37  [66, 57, 42, 79, 80, 72, 87, 22, 62, 59, 27, 98, 31, 43, 36, 100, 66, 57, 99]
  JOB38  [32, 74, 98, 45, 83, 69, 70, 32, 20, 75, 70, 39, 60, 20, 70, 64, 94, 99, 70]
  JOB39  [59, 34, 73, 31, 76, 85, 46, 87, 24, 56, 64, 81, 86, 70, 55, 77, 100, 67, 100]
T_START = [889.0, 517.0, 979.0, 869.0, 964.0, 667.0, 667.0, 597.0, 610.0, 808.0, 549.0, 582.0, 806.0, 461.0, 647.0, 693.0, 780.0, 870.0, 767.0]
T_END = [1413.0, 1330.0, 1456.0, 1381.0, 1700.0, 1565.0, 1445.0, 1344.0, 1379.0, 1615.0, 1448.0, 1349.0, 1259.0, 1336.0, 1128.0, 1409.0, 1539.0, 1329.0, 1343.0]
D_RATE = [0.19, 0.11, 0.15, 0.2, 0.26, 0.28, 0.18, 0.24, 0.2, 0.13, 0.15, 0.1, 0.16, 0.26, 0.16, 0.16, 0.28, 0.23, 0.27]
IT_D = [0.2, 0.18, 0.1, 0.27, 0.28, 0.29, 0.15, 0.19, 0.23, 0.3, 0.25, 0.21, 0.12, 0.12, 0.18, 0.22, 0.2, 0.19, 0.14]
IDLING_CONSUME = [0.1, 0.23, 0.19, 0.29, 0.3, 0.29, 0.2, 0.22, 0.13, 0.16, 0.27, 0.12, 0.26, 0.13, 0.18, 0.16, 0.23, 0.19, 0.13]