STAGE = 20
MACHINE = [3, 5, 3, 2, 5, 4, 3, 5, 5, 4, 5, 4, 4, 2, 5, 3, 4, 5, 2, 5]
JOB_NUM = 80
PROCESSING_SCHEDULE = 
  JOB0  [80, 51, 28, 75, 54, 56, 37, 43, 82, 22, 67, 73, 57, 65, 95, 45, 82, 73, 86, 91]
  JOB1  [80, 92, 26, 28, 79, 24, 51, 60, 31, 35, 55, 26, 77, 49, 24, 69, 44, 34, 94, 78]
  JOB2  [61, 51, 37, 43, 62, 80, 31, 86, 55, 33, 30, 81, 89, 90, 87, 64, 64, 79, 77, 79]
  JOB3  [63, 36, 40, 41, 41, 61, 87, 62, 58, 80, 34, 50, 91, 48, 87, 49, 94, 99, 69, 71]
  JOB4  [51, 87, 20, 68, 63, 49, 35, 66, 97, 89, 64, 85, 87, 71, 57, 52, 98, 41, 35, 93]
  JOB5  [39, 71, 65, 81, 28, 32, 47, 51, 53, 47, 38, 36, 96, 64, 35, 30, 20, 51, 81, 71]
  JOB6  [45, 66, 26, 23, 44, 28, 73, 23, 86, 33, 48, 85, 58, 26, 49, 82, 89, 79, 94, 73]
  JOB7  [91, 54, 35, 35, 69, 82, 80, 32, 76, 93, 40, 32, 60, 61, 30, 49, 63, 38, 85, 98]
  JOB8  [67, 67, 20, 60, 79, 35, 28, 55, 93, 86, 72, 57, 90, 74, 22, 100, 70, 100, 52, 65]
  JOB9  [46, 20, 87, 77, 96, 69, 94, 45, 29, 30, 91, 100, 27, 44, 83, 93, 44, 46, 59, 91]
  JOB10  [34, 88, 50, 67, 37, 77, 92, 80, 67, 80, 60, 69, 77, 72, 45, 99, 27, 64, 27, 100]
  JOB11  [23, 90, 44, 27, 73, 64, 76, 61, 22, 80, 41, 60, 88, 24, 63, 55, 52, 21, 29, 85]
  JOB12  [94, 94, 92, 81, 27, 81, 94, 31, 94, 60, 90, 79, 72, 80, 51, 67, 96, 81, 33, 52]
  JOB13  [36, 35, 49, 33, 23, 40, 53, 60, 95, 51, 71, 93, 54, 92, 98, 31, 25, 53, 92, 60]
  JOB14  [28, 47, 78, 84, 27, 43, 89, 52, 67, 88, 69, 95, 70, 83, 29, 31, 98, 78, 53, 56]
  JOB15  [97, 64, 61, 38, 61, 84, 82, 76, 79, 59, 38, 67, 57, 84, 50, 35, 51, 53, 65, 69]
  JOB16  [49, 96, 20, 59, 81, 65, 96, 97, 29, 96, 95, 37, 81, 27, 75, 43, 70, 95, 75, 61]
  JOB17  [30, 23, 51, 24, 45, 85, 58, 58, 87, 88, 44, 39, 93, 51, 30, 57, 54, 90, 48, 92]
  JOB18  [29, 48, 40, 72, 31, 51, 52, 36, 65, 59, 28, 56, 90, 74, 96, 99, 78, 100, 83, 53]
  JOB19  [66, 82, 91, 60, 40, 46, 58, 84, 45, 96, 84, 33, 91, 44, 72, 38, 74, 59, 29, 71]
  JOB20  [43, 58, 79, 73, 91, 46, 56, 30, 38, 71, 93, 49, 99, 95, 72, 39, 31, 82, 23, 31]
  JOB21  [97, 92, 20, 43, 73, 44, 66, 47, 81, 32, 23, 45, 28, 42, 85, 96, 74, 81, 54, 42]
  JOB22  [43, 65, 26, 67, 74, 42, 100, 21, 56, 95, 28, 76, 92, 40, 26, 79, 73, 83, 20, 36]
  JOB23  [76, 25, 90, 85, 22, 30, 50, 47, 43, 35, 90, 53, 92, 71, 43, 45, 30, 77, 23, 41]
  JOB24  [39, 46, 20, 98, 57, 28, 53, 100, 65, 39, 38, 25, 49, 43, 81, 61, 72, 59, 58, 26]
  JOB25  [39, 89, 30, 57, 70, 80, 99, 83, 40, 64, 23, 48, 57, 52, 60, 28, 47, 84, 52, 25]
  JOB26  [39, 87, 96, 25, 35, 64, 62, 31, 91, 45, 35, 91, 86, 30, 34, 70, 90, 57, 45, 55]
  JOB27  [56, 56, 44, 33, 42, 71, 56, 58, 23, 48, 95, 21, 32, 88, 31, 25, 68, 41, 37, 49]
  JOB28  [70, 67, 90, 66, 71, 43, 65, 69, 22, 38, 89, 94, 29, 95, 49, 54, 52, 82, 76, 95]
  JOB29  [88, 78, 83, 84, 44, 37, 67, 60, 50, 33, 100, 77, 23, 31, 78, 70, 62, 29, 24, 39]
  JOB30  [63, 94, 24, 91, 74, 93, 52, 90, 68, 32, 35, 52, 35, 64, 69, 25, 77, 36, 64, 72]
  JOB31  [30, 60, 68, 58, 48, 43, 86, 43, 20, 64, 88, 49, 31, 43, 72, 42, 44, 50, 77, 90]
  JOB32  [34, 46, 70, 54, 68, 32, 37, 60, 98, 27, 66, 41, 34, 92, 37, 63, 83, 41, 53, 51]
  JOB33  [78, 20, 80, 63, 33, 79, 23, 49, 24, 44, 95, 49, 41, 94, 75, 52, 33, 88, 25, 100]
  JOB34  [53, 37, 79, 95, 90, 81, 65, 24, 51, 93, 50, 67, 78, 25, 68, 56, 97, 51, 58, 65]
  JOB35  [39, 23, 38, 50, 54, 29, 93, 24, 42, 42, 36, 68, 100, 50, 88, 98, 57, 78, 28, 80]
  JOB36  [47, 68, 66, 70, 89, 95, 37, 53, 37, 88, 100, 40, 65, 96, 40, 92, 88, 66, 100, 86]
  JOB37  [80, 66, 39, 61, 99, 52, 26, 61, 42, 52, 60, 84, 95, 92, 33, 48, 72, 57, 52, 89]
  JOB38  [64, 85, 55, 59, 86, 38, 38, 34, 26, 53, 38, 40, 46, 61, 87, 65, 82, 30, 34, 75]
  JOB39  [40, 47, 86, 83, 80, 53, 84, 36, 70, 24, 33, 96, 63, 45, 89, 39, 62, 89, 86, 92]
  JOB40  [74, 48, 44, 96, 87, 80, 97, 96, 90, 79, 74, 82, 71, 92, 80, 20, 78, 44, 66, 100]
  JOB41  [62, 65, 62, 32, 34, 68, 54, 63, 34, 78, 49, 37, 36, 38, 44, 74, 96, 82, 27, 31]
  JOB42  [93, 36, 97, 30, 54, 73, 63, 21, 69, 39, 48, 77, 37, 53, 74, 87, 25, 60, 45, 69]
  JOB43  [87, 29, 39, 63, 49, 94, 93, 55, 59, 79, 20, 53, 52, 35, 26, 32, 21, 78, 85, 27]
  JOB44  [45, 98, 72, 64, 38, 61, 33, 71, 87, 34, 44, 20, 36, 33, 27, 92, 25, 83, 42, 38]
  JOB45  [59, 50, 86, 53, 63, 62, 79, 63, 96, 50, 95, 88, 78, 45, 89, 30, 95, 84, 70, 42]
  JOB46  [88, 81, 92, 32, 52, 82, 48, 96, 54, 48, 25, 68, 33, 68, 91, 41, 37, 96, 36, 87]
  JOB47  [32, 73, 42, 55, 39, 28, 57, 92, 83, 66, 32, 81, 36, 86, 84, 87, 26, 85, 25, 41]
  JOB48  [81, 28, 87, 29, 74, 95, 40, 97, 61, 53, 85, 62, 54, 24, 77, 82, 63, 21, 32, 68]
  JOB49  [91, 36, 95, 94, 24, 100, 63, 100, 26, 55, 79, 89, 50, 35, 82, 53, 45, 53, 67, 55]
  JOB50  [24, 32, 85, 40, 97, 51, 48, 71, 87, 83, 95, 48, 70, 56, 92, 63, 34, 47, 91, 65]
  JOB51  [59, 59, 77, 43, 85, 46, 35, 36, 23, 91, 35, 20, 56, 89, 52, 98, 37, 97, 73, 54]
  JOB52  [92, 51, 61, 34, 95, 75, 54, 56, 82, 97, 38, 45, 76, 55, 85, 44, 61, 62, 100, 63]
  JOB53  [47, 95, 59, 32, 38, 70, 41, 28, 60, 73, 35, 86, 74, 39, 84, 40, 69, 63, 33, 67]
  JOB54  [91, 71, 72, 78, 62, 51, 45, 44, 29, 61, 73, 25, 77, 23, 75, 23, 54, 98, 60, 46]
  JOB55  [30, 40, 92, 38, 75, 21, 62, 34, 21, 63, 55, 64, 36, 26, 98, 20, 34, 99, 44, 65]
  JOB56  [70, 87, 62, 75, 93, 84, 82, 34, 28, 63, 39, 59, 44, 61, 57, 59, 95, 66, 91, 69]
  JOB57  [74, 28, 43, 48, 36, 29, 21, 46, 78, 57, 51, 64, 28, 37, 65, 72, 60, 25, 77, 49]
  JOB58  [84, 63, 87, 47, 36, 27, 34, 77, 36, 75, 84, 69, 97, 28, 81, 48, 74, 84, 30, 98]
  JOB59  [24, 87, 32, 100, 62, 49, 23, 62, 36, 98, 78, 68, 29, 92, 77, 72, 77, 34, 85, 100]
  JOB60  [35, 76, 72, 21, 33, 37, 60, 38, 60, 96, 48, 87, 77, 92, 36, 45, 69, 73, 77, 78]
  JOB61  [44, 47, 93, 99, 49, 28, 31, 33, 67, 65, 65, 47, 52, 60, 34, 63, 59, 58, 83, 90]
  JOB62  [74, 52, 69, 33, 72, 73, 26, 22, 52, 35, 50, 65, 89, 70, 43, 62, 53, 45, 68, 89]
  JOB63  [56, 40, 66, 72, 42, 80, 28, 90, 62, 88, 98, 36, 27, 58, 36, 92, 60, 84, 35, 25]
  JOB64  [70, 45, 46, 69, 74, 77, 28, 36, 89, 51, 99, 73, 36, 35, 51, 40, 89, 47, 48, 77]
  JOB65  [70, 44, 33, 41, 22, 94, 85, 86, 57, 49, 32, 72, 52, 50, 82, 32, 70, 86, 87, 60]
  JOB66  [65, 59, 80, 28, 42, 55, 86, 35, 57, 28, 33, 48, 87, 59, 37, 26, 56, 49, 80, 65]
  JOB67  [27, 45, 88, 53, 41, 98, 89, 93, 23, 63, 26, 99, 71, 60, 53, 55, 97, 64, 72, 21]
  JOB68  [69, 77, 95, 38, 46, 96, 32, 33, 72, 97, 73, 97, 83, 90, 33, 56, 54, 94, 71, 81]
  JOB69  [85, 52, 76, 65, 91, 41, 31, 37, 95, 72, 39, 51, 29, 41, 98, 92, 89, 79, 60, 49]
  JOB70  [62, 55, 72, 88, 76, 27, 84, 48, 96, 37, 35, 94, 39, 64, 42, 53, 56, 27, 39, 81]
  JOB71  [32, 68, 47, 78, 79, 35, 58, 45, 85, 39, 89, 20, 48, 96, 71, 73, 37, 37, 76, 63]
  JOB72  [50, 97, 25, 56, 90, 20, 60, 68, 37, 52, 29, 27, 48, 26, 77, 83, 57, 82, 70, 65]
  JOB73  [78, 72, 74, 43, 83, 47, 69, 73, 41, 59, 49, 53, 38, 67, 60, 97, 35, 83, 94, 99]
  JOB74  [52, 36, 85, 78, 94, 88, 52, 43, 76, 25, 39, 75, 84, 53, 45, 63, 85, 58, 21, 96]
  JOB75  [84, 61, 49, 51, 54, 69, 53, 65, 90, 64, 57, 100, 66, 84, 37, 65, 65, 68, 27, 20]
  JOB76  [78, 59, 78, 57, 22, 59, 81, 71, 97, 86, 62, 53, 20, 60, 57, 51, 32, 89, 37, 84]
  JOB77  [74, 80, 29, 70, 61, 73, 39, 69, 38, 72, 21, 56, 42, 88, 57, 32, 37, 56, 45, 62]
  JOB78  [84, 36, 62, 26, 96, 37, 97, 67, 40, 61, 82, 94, 97, 64, 60, 29, 36, 23, 80, 98]
  JOB79  [35, 58, 30, 55, 31, 85, 94, 29, 56, 71, 54, 79, 44, 36, 89, 21, 86, 90, 83, 35]
T_START = [1190.0, 1819.0, 1056.0, 1654.0, 1283.0, 1832.0, 1913.0, 1440.0, 1087.0, 1121.0, 1193.0, 1881.0, 1708.0, 1896.0, 1628.0, 1289.0, 1180.0, 1207.0, 1781.0, 1543.0]
T_END = [2902.0, 2824.0, 2735.0, 2527.0, 2898.0, 2818.0, 2726.0, 2296.0, 2977.0, 2828.0, 2615.0, 3415.0, 3025.0, 2512.0, 2812.0, 2439.0, 3342.0, 3464.0, 3187.0, 3671.0]
D_RATE = [0.24, 0.25, 0.27, 0.13, 0.26, 0.23, 0.19, 0.15, 0.24, 0.15, 0.25, 0.1, 0.11, 0.12, 0.21, 0.13, 0.25, 0.12, 0.17, 0.24]
IT_D = [0.15, 0.17, 0.2, 0.17, 0.19, 0.14, 0.16, 0.2, 0.1, 0.1, 0.28, 0.24, 0.19, 0.13, 0.29, 0.12, 0.27, 0.19, 0.14, 0.22]
IDLING_CONSUME = [0.13, 0.22, 0.24, 0.29, 0.27, 0.15, 0.21, 0.27, 0.19, 0.27, 0.11, 0.12, 0.29, 0.25, 0.12, 0.12, 0.13, 0.11, 0.18, 0.14]