STAGE = 29
MACHINE = [3, 3, 3, 5, 3, 4, 2, 2, 5, 4, 4, 5, 5, 2, 4, 3, 4, 3, 5, 5, 4, 4, 2, 5, 3, 5, 3, 5, 5]
JOB_NUM = 80
PROCESSING_SCHEDULE = 
  JOB0  [57, 32, 93, 29, 55, 92, 100, 42, 97, 95, 43, 65, 61, 44, 62, 86, 79, 47, 51, 77, 69, 75, 76, 76, 82, 85, 91, 35, 57]
  JOB1  [41, 95, 96, 55, 49, 62, 49, 40, 73, 24, 31, 83, 41, 67, 60, 30, 46, 33, 33, 43, 51, 22, 37, 25, 94, 91, 48, 53, 100]
  JOB2  [63, 49, 60, 82, 89, 26, 81, 23, 60, 41, 83, 72, 84, 31, 39, 99, 60, 96, 95, 67, 67, 53, 37, 91, 97, 99, 36, 74, 29]
  JOB3  [69, 46, 28, 82, 42, 71, 54, 63, 99, 57, 64, 78, 100, 73, 60, 60, 83, 26, 85, 83, 51, 50, 20, 77, 95, 20, 46, 23, 94]
  JOB4  [26, 66, 79, 36, 54, 99, 96, 42, 43, 32, 89, 49, 89, 95, 98, 79, 75, 52, 56, 40, 76, 31, 87, 64, 82, 85, 72, 21, 85]
  JOB5  [93, 48, 74, 79, 72, 92, 88, 36, 83, 45, 91, 86, 95, 59, 40, 77, 91, 26, 25, 35, 69, 43, 73, 30, 44, 69, 31, 63, 91]
  JOB6  [85, 96, 64, 95, 88, 59, 57, 93, 92, 49, 86, 57, 95, 37, 66, 34, 44, 41, 77, 21, 36, 30, 91, 93, 62, 49, 37, 33, 48]
  JOB7  [37, 52, 24, 88, 30, 35, 22, 65, 52, 51, 59, 27, 64, 53, 49, 30, 31, 53, 72, 81, 99, 40, 45, 25, 84, 62, 37, 45, 82]
  JOB8  [75, 21, 26, 97, 71, 52, 22, 93, 79, 60, 48, 74, 71, 53, 94, 43, 60, 56, 54, 66, 82, 75, 70, 30, 39, 95, 25, 27, 39]
  JOB9  [34, 80, 57, 55, 91, 27, 79, 51, 73, 59, 36, 34, 96, 91, 45, 95, 66, 87, 71, 35, 72, 95, 88, 27, 28, 92, 83, 53, 100]
  JOB10  [32, 49, 54, 34, 73, 43, 67, 89, 32, 30, 21, 75, 51, 61, 92, 73, 28, 74, 90, 89, 43, 99, 66, 51, 79, 53, 94, 61, 31]
  JOB11  [95, 58, 77, 60, 94, 47, 36, 29, 28, 69, 36, 40, 38, 41, 78, 74, 39, 70, 92, 72, 96, 53, 24, 25, 65, 84, 47, 73, 52]
  JOB12  [75, 44, 37, 71, 33, 70, 56, 57, 96, 65, 93, 30, 31, 28, 83, 50, 66, 35, 44, 33, 60, 62, 85, 28, 65, 24, 70, 87, 70]
  JOB13  [42, 64, 49, 69, 39, 48, 25, 71, 41, 50, 23, 28, 79, 44, 50, 40, 66, 42, 69, 88, 59, 78, 59, 58, 47, 38, 44, 46, 35]
  JOB14  [60, 99, 85, 38, 23, 41, 79, 98, 97, 70, 42, 80, 78, 51, 41, 89, 99, 78, 28, 60, 98, 70, 41, 27, 63, 69, 87, 89, 61]
  JOB15  [20, 48, 42, 58, 29, 41, 87, 98, 52, 27, 29, 68, 92, 69, 96, 79, 85, 62, 63, 56, 60, 61, 38, 54, 83, 43, 65, 21, 20]
  JOB16  [55, 80, 53, 81, 75, 92, 55, 71, 55, 31, 51, 32, 75, 42, 93, 54, 60, 36, 54, 60, 82, 84, 68, 34, 95, 32, 95, 96, 50]
  JOB17  [44, 58, 46, 92, 24, 49, 75, 61, 53, 49, 43, 73, 20, 57, 86, 61, 58, 62, 69, 76, 43, 87, 39, 26, 56, 34, 45, 70, 37]
  JOB18  [47, 93, 97, 57, 43, 26, 56, 68, 42, 31, 53, 46, 47, 97, 36, 45, 50, 27, 96, 70, 87, 90, 60, 33, 42, 36, 58, 88, 32]
  JOB19  [58, 87, 40, 80, 48, 32, 88, 39, 95, 83, 86, 34, 95, 61, 64, 65, 40, 39, 64, 87, 75, 38, 46, 66, 65, 44, 88, 23, 20]
  JOB20  [64, 53, 26, 56, 84, 47, 57, 60, 86, 38, 77, 30, 46, 60, 36, 79, 25, 54, 75, 73, 29, 26, 93, 54, 85, 70, 84, 78, 85]
  JOB21  [51, 58, 37, 91, 35, 21, 54, 94, 71, 59, 22, 43, 86, 89, 60, 45, 27, 81, 68, 28, 65, 48, 66, 28, 29, 72, 61, 91, 22]
  JOB22  [65, 55, 25, 96, 90, 70, 22, 59, 58, 54, 23, 95, 55, 66, 66, 22, 37, 87, 87, 48, 64, 25, 78, 54, 33, 81, 25, 98, 93]
  JOB23  [21, 45, 36, 93, 28, 68, 22, 76, 42, 75, 46, 83, 41, 42, 58, 33, 35, 48, 93, 43, 65, 59, 38, 32, 29, 60, 66, 30, 28]
  JOB24  [64, 43, 95, 69, 49, 81, 46, 45, 70, 80, 68, 75, 100, 49, 36, 68, 53, 65, 42, 41, 48, 92, 39, 33, 100, 76, 34, 66, 94]
  JOB25  [87, 87, 45, 89, 35, 59, 88, 96, 63, 85, 92, 92, 44, 71, 90, 33, 51, 84, 98, 51, 52, 44, 67, 20, 76, 48, 47, 97, 82]
  JOB26  [52, 74, 20, 79, 76, 80, 93, 23, 26, 67, 94, 86, 86, 31, 76, 33, 98, 90, 98, 52, 50, 88, 45, 38, 80, 98, 45, 56, 75]
  JOB27  [27, 36, 38, 49, 81, 29, 77, 53, 35, 90, 26, 75, 94, 69, 33, 39, 76, 68, 98, 100, 80, 26, 56, 49, 56, 91, 25, 41, 77]
  JOB28  [54, 87, 94, 46, 77, 29, 39, 100, 81, 59, 90, 53, 80, 40, 50, 74, 90, 83, 67, 41, 44, 79, 58, 31, 28, 73, 98, 35, 72]
  JOB29  [36, 37, 77, 27, 90, 37, 51, 72, 33, 44, 33, 72, 27, 81, 27, 52, 62, 71, 66, 93, 51, 91, 47, 20, 70, 21, 50, 24, 86]
  JOB30  [75, 82, 56, 35, 61, 68, 53, 26, 59, 29, 98, 68, 58, 64, 67, 35, 95, 21, 62, 54, 31, 59, 91, 45, 28, 68, 26, 46, 44]
  JOB31  [95, 71, 87, 43, 26, 26, 99, 51, 88, 49, 85, 96, 38, 32, 64, 34, 80, 96, 44, 81, 50, 66, 67, 62, 55, 72, 74, 70, 76]
  JOB32  [25, 64, 59, 36, 69, 59, 97, 66, 34, 46, 93, 23, 36, 31, 33, 76, 72, 84, 25, 68, 46, 82, 64, 88, 57, 47, 56, 20, 57]
  JOB33  [39, 56, 21, 83, 69, 44, 57, 61, 52, 44, 93, 33, 37, 45, 29, 61, 64, 20, 90, 29, 71, 92, 32, 95, 96, 49, 41, 80, 60]
  JOB34  [69, 86, 71, 72, 43, 83, 50, 24, 62, 20, 55, 20, 72, 78, 89, 79, 37, 81, 33, 44, 20, 32, 80, 65, 79, 81, 28, 26, 71]
  JOB35  [61, 93, 33, 84, 71, 33, 64, 43, 29, 25, 62, 34, 62, 99, 21, 66, 54, 40, 56, 89, 89, 49, 58, 79, 98, 64, 62, 88, 36]
  JOB36  [58, 37, 87, 27, 50, 41, 72, 69, 49, 51, 56, 83, 100, 93, 50, 55, 54, 55, 40, 22, 43, 69, 95, 61, 34, 20, 66, 69, 88]
  JOB37  [25, 36, 67, 95, 53, 49, 30, 99, 78, 33, 54, 38, 23, 90, 83, 52, 27, 67, 96, 77, 45, 20, 76, 44, 82, 97, 69, 24, 52]
  JOB38  [55, 84, 42, 32, 59, 76, 69, 46, 72, 67, 76, 76, 40, 31, 21, 70, 77, 86, 99, 54, 90, 63, 45, 97, 83, 70, 54, 71, 77]
  JOB39  [53, 45, 55, 61, 71, 67, 21, 50, 65, 72, 83, 61, 31, 93, 86, 49, 97, 54, 31, 94, 32, 69, 32, 81, 36, 35, 57, 81, 80]
  JOB40  [47, 64, 49, 32, 20, 64, 98, 25, 87, 100, 65, 59, 99, 38, 27, 26, 54, 80, 34, 27, 68, 30, 70, 80, 64, 55, 87, 25, 39]
  JOB41  [64, 97, 92, 84, 81, 23, 96, 85, 31, 78, 53, 44, 21, 81, 82, 56, 54, 38, 43, 70, 49, 47, 63, 98, 80, 79, 32, 48, 74]
  JOB42  [44, 31, 73, 56, 82, 53, 33, 24, 67, 61, 55, 24, 98, 97, 69, 97, 55, 52, 34, 56, 42, 81, 51, 25, 27, 44, 96, 86, 62]
  JOB43  [83, 68, 65, 79, 56, 64, 90, 88, 35, 98, 98, 49, 40, 49, 64, 31, 79, 85, 47, 21, 87, 82, 52, 67, 58, 32, 58, 38, 22]
  JOB44  [78, 49, 58, 50, 53, 35, 61, 72, 21, 91, 28, 47, 87, 95, 63, 69, 77, 96, 100, 22, 29, 34, 25, 33, 63, 79, 75, 91, 93]
  JOB45  [59, 47, 62, 98, 100, 29, 86, 68, 85, 52, 95, 95, 31, 30, 52, 87, 79, 93, 75, 68, 39, 53, 77, 27, 97, 31, 56, 99, 58]
  JOB46  [76, 34, 80, 48, 75, 97, 76, 23, 28, 51, 94, 99, 73, 60, 97, 82, 77, 64, 20, 97, 90, 33, 58, 74, 32, 47, 51, 92, 65]
  JOB47  [44, 35, 56, 77, 39, 67, 20, 61, 61, 48, 40, 95, 40, 28, 38, 21, 79, 77, 70, 52, 93, 35, 55, 64, 62, 96, 84, 84, 79]
  JOB48  [99, 60, 81, 45, 73, 51, 49, 24, 33, 62, 61, 92, 60, 61, 44, 91, 45, 48, 61, 25, 74, 40, 58, 53, 79, 53, 78, 35, 85]
  JOB49  [97, 82, 59, 87, 24, 34, 56, 79, 95, 51, 36, 32, 87, 73, 23, 96, 44, 69, 31, 61, 97, 62, 31, 75, 88, 71, 29, 80, 59]
  JOB50  [53, 40, 72, 94, 22, 73, 83, 21, 63, 94, 48, 70, 88, 33, 46, 36, 96, 58, 95, 76, 52, 38, 47, 54, 86, 58, 76, 100, 63]
  JOB51  [25, 27, 74, 60, 55, 56, 29, 67, 67, 63, 27, 35, 48, 80, 69, 62, 66, 33, 60, 57, 31, 98, 31, 90, 70, 51, 85, 56, 59]
  JOB52  [81, 29, 66, 94, 67, 58, 73, 75, 61, 20, 72, 95, 96, 54, 44, 51, 90, 51, 67, 59, 70, 22, 25, 36, 57, 74, 75, 31, 88]
  JOB53  [77, 36, 84, 24, 97, 35, 100, 47, 65, 76, 51, 25, 27, 60, 89, 82, 51, 52, 58, 50, 21, 37, 60, 78, 97, 94, 33, 20, 46]
  JOB54  [81, 57, 61, 20, 40, 28, 35, 87, 94, 27, 95, 69, 98, 98, 97, 59, 94, 76, 94, 41, 73, 26, 51, 74, 23, 94, 94, 76, 52]
  JOB55  [88, 63, 79, 48, 81, 83, 84, 46, 80, 74, 82, 35, 65, 31, 65, 73, 29, 55, 28, 90, 43, 49, 21, 31, 45, 76, 52, 93, 55]
  JOB56  [23, 43, 94, 79, 100, 33, 87, 69, 52, 49, 81, 38, 58, 92, 64, 98, 55, 45, 30, 53, 99, 89, 73, 23, 27, 60, 28, 86, 46]
  JOB57  [21, 58, 81, 53, 59, 66, 54, 25, 56, 93, 61, 56, 88, 23, 72, 88, 72, 68, 79, 44, 51, 75, 37, 53, 51, 87, 90, 36, 83]
  JOB58  [73, 75, 47, 79, 49, 48, 40, 49, 94, 40, 91, 53, 36, 66, 21, 72, 99, 61, 72, 72, 60, 57, 60, 37, 39, 70, 30, 23, 70]
  JOB59  [64, 49, 95, 74, 51, 46, 42, 23, 98, 21, 51, 68, 26, 46, 98, 46, 73, 99, 45, 77, 71, 31, 64, 46, 21, 66, 54, 90, 28]
  JOB60  [71, 84, 39, 67, 34, 50, 92, 30, 48, 98, 48, 93, 78, 40, 54, 71, 47, 51, 99, 68, 96, 22, 72, 37, 27, 76, 31, 85, 98]
  JOB61  [87, 54, 94, 100, 34, 38, 82, 71, 69, 57, 49, 99, 91, 99, 66, 32, 41, 90, 32, 37, 30, 81, 49, 50, 32, 31, 78, 64, 89]
  JOB62  [64, 31, 81, 28, 28, 26, 63, 71, 90, 34, 82, 97, 27, 34, 92, 55, 75, 61, 21, 33, 21, 92, 56, 66, 68, 81, 36, 99, 34]
  JOB63  [47, 55, 21, 65, 83, 88, 45, 25, 44, 96, 58, 38, 58, 40, 26, 26, 46, 41, 90, 83, 89, 28, 90, 73, 84, 73, 56, 83, 31]
  JOB64  [93, 39, 36, 99, 42, 95, 27, 45, 25, 30, 64, 96, 22, 84, 90, 66, 34, 45, 44, 39, 89, 35, 60, 25, 94, 82, 71, 41, 92]
  JOB65  [99, 49, 94, 26, 62, 97, 38, 86, 21, 58, 39, 63, 25, 95, 38, 69, 72, 63, 22, 72, 89, 58, 37, 20, 76, 40, 100, 43, 83]
  JOB66  [53, 98, 87, 71, 58, 33, 93, 26, 76, 58, 85, 33, 89, 25, 60, 46, 63, 70, 99, 48, 44, 30, 75, 85, 88, 83, 37, 35, 97]
  JOB67  [72, 46, 92, 52, 63, 80, 72, 41, 56, 67, 34, 75, 81, 69, 39, 52, 45, 60, 28, 81, 60, 66, 94, 54, 26, 50, 36, 41, 92]
  JOB68  [57, 65, 69, 49, 61, 90, 83, 53, 41, 64, 41, 43, 56, 50, 93, 46, 32, 56, 79, 80, 76, 57, 75, 83, 94, 40, 27, 84, 45]
  JOB69  [97, 69, 72, 33, 45, 28, 83, 90, 69, 35, 100, 53, 48, 90, 23, 88, 58, 66, 70, 37, 53, 28, 50, 46, 94, 28, 74, 85, 90]
  JOB70  [37, 35, 49, 87, 39, 94, 81, 49, 99, 69, 62, 66, 61, 49, 71, 35, 43, 58, 42, 86, 32, 46, 95, 24, 88, 82, 92, 43, 77]
  JOB71  [86, 88, 67, 23, 87, 28, 53, 61, 88, 37, 38, 37, 55, 39, 77, 98, 45, 23, 26, 97, 35, 98, 33, 97, 27, 70, 61, 50, 44]
  JOB72  [57, 75, 37, 97, 33, 96, 26, 83, 59, 67, 29, 21, 66, 38, 85, 62, 43, 74, 74, 63, 43, 45, 48, 27, 93, 20, 28, 50, 78]
  JOB73  [63, 35, 85, 26, 39, 100, 69, 85, 76, 51, 39, 65, 43, 94, 53, 89, 29, 99, 92, 92, 41, 87, 82, 46, 32, 24, 85, 25, 94]
  JOB74  [75, 26, 38, 57, 54, 97, 76, 64, 80, 68, 41, 95, 67, 91, 24, 25, 57, 51, 21, 97, 26, 78, 62, 46, 26, 25, 45, 36, 76]
  JOB75  [85, 43, 96, 90, 47, 50, 87, 23, 90, 87, 83, 37, 29, 99, 84, 91, 43, 55, 32, 89, 29, 100, 73, 93, 22, 26, 72, 30, 45]
  JOB76  [43, 100, 86, 79, 32, 98, 69, 47, 92, 95, 27, 76, 43, 60, 50, 61, 38, 84, 28, 21, 33, 36, 92, 83, 34, 25, 26, 41, 71]
  JOB77  [50, 69, 40, 46, 76, 96, 65, 35, 60, 21, 32, 95, 53, 52, 56, 37, 90, 45, 20, 39, 95, 41, 46, 74, 39, 45, 27, 30, 83]
  JOB78  [53, 83, 43, 97, 84, 81, 30, 42, 83, 20, 34, 41, 81, 73, 79, 54, 99, 75, 28, 74, 35, 68, 76, 32, 67, 61, 59, 54, 71]
  JOB79  [52, 44, 43, 52, 99, 98, 74, 84, 92, 27, 53, 78, 55, 33, 46, 67, 81, 70, 84, 42, 84, 28, 34, 98, 40, 48, 48, 38, 70]
T_START = [1825.0, 992.0, 1980.0, 1589.0, 1026.0, 1824.0, 1409.0, 1798.0, 2050.0, 1033.0, 1331.0, 1697.0, 1882.0, 1263.0, 1064.0, 1732.0, 1710.0, 1032.0, 1159.0, 1301.0, 1577.0, 1641.0, 1406.0, 1202.0, 1721.0, 1110.0, 1617.0, 1570.0, 1656.0]
T_END = [3313.0, 2458.0, 3365.0, 2614.0, 2798.0, 3040.0, 3221.0, 2859.0, 2768.0, 2831.0, 3138.0, 2569.0, 2872.0, 2720.0, 2564.0, 2502.0, 2541.0, 2703.0, 2560.0, 2842.0, 3011.0, 2689.0, 2998.0, 2232.0, 3393.0, 3232.0, 2679.0, 2540.0, 3001.0]
D_RATE = [0.16, 0.18, 0.19, 0.15, 0.2, 0.11, 0.18, 0.17, 0.19, 0.18, 0.11, 0.19, 0.25, 0.13, 0.17, 0.24, 0.2, 0.26, 0.3, 0.12, 0.29, 0.11, 0.17, 0.3, 0.27, 0.25, 0.28, 0.12, 0.26]
IT_D = [0.22, 0.27, 0.22, 0.2, 0.24, 0.11, 0.17, 0.19, 0.17, 0.18, 0.29, 0.18, 0.14, 0.28, 0.15, 0.19, 0.2, 0.16, 0.3, 0.26, 0.11, 0.29, 0.29, 0.21, 0.17, 0.2, 0.24, 0.23, 0.23]
IDLING_CONSUME = [0.23, 0.1, 0.1, 0.13, 0.21, 0.15, 0.19, 0.12, 0.28, 0.27, 0.14, 0.13, 0.18, 0.18, 0.3, 0.27, 0.17, 0.21, 0.15, 0.2, 0.19, 0.11, 0.21, 0.14, 0.17, 0.26, 0.18, 0.19, 0.19]